fixed_seed run01 3.88,-0.72 10.08,0.23 16.18,-0.07 21.68,-0.22 23.98,2.13 23.88,8.28 23.18,11.93 17.33,11.88 11.98,12.38 6.68,12.13 1.48,12.18 -0.17,7.43
fixed_seed run02 3.43,-0.07 8.68,0.03 14.08,-0.02 19.23,0.08 23.98,1.88 23.53,7.33 23.28,11.83 17.53,11.98 12.43,12.23 6.43,12.08 0.68,11.63 0.93,6.43 23.38,10.08
fixed_seed run03 3.43,-0.02 9.23,-0.12 14.48,0.08 20.73,-0.07 24.43,2.18 23.78,8.48 23.13,11.93 17.33,12.18 12.13,12.53 6.93,11.98 0.88,12.33 0.88,6.53 14.58,11.43
fixed_seed run04 3.43,-0.07 8.63,-0.07 14.73,-0.07 20.08,0.23 23.98,2.08 23.73,8.23 23.18,11.98 17.38,12.23 0.23,5.98
fixed_seed run05 3.43,-0.02 9.28,-0.02 14.53,-0.07 20.58,-0.02 24.18,2.03 23.48,8.13 23.28,11.83 17.48,11.98 12.03,12.43 6.93,11.93 0.53,5.73
fixed_seed run06 4.03,0.78 10.18,-0.07 15.48,-0.07 20.68,-0.12 24.23,2.03 23.83,8.13 23.18,11.98 17.33,12.28 0.48,5.83 10.48,11.38
fixed_seed run07 4.03,0.78 10.13,-0.07 16.28,-0.07 22.18,-0.37 24.13,2.98 0.43,5.58 0.18,11.43 5.08,12.23 10.28,13.03 16.48,12.18 21.63,12.08 24.23,9.23 24.93,6.28
fixed_seed run08 3.43,0.08 9.18,0.18 14.98,-0.07 20.93,-0.07 24.03,2.03 23.48,8.28 23.23,11.98 17.43,12.18 11.53,12.38 6.43,11.93 0.58,5.88 18.88,10.58
fixed_seed run09 4.03,0.78 10.13,-0.22 15.38,-0.02 20.88,-0.12 24.28,1.78 23.53,8.28 23.23,11.98 17.38,12.23 11.93,12.33 5.88,12.13 -0.22,11.83 0.83,8.33
fixed_seed run10 3.43,-0.02 0.48,5.68 0.13,12.13 9.53,0.08 14.98,-0.07 21.18,-0.22 24.28,2.18 23.43,8.38 6.48,11.98
fresh_seed run01 3.43,0.08 9.28,0.13 14.53,-0.07 20.03,-0.02 24.38,2.13 0.28,5.88 0.78,12.13 7.08,11.83 12.73,11.78 18.43,12.28 23.78,8.38 25.03,6.38
fresh_seed run02 3.43,-0.07 8.63,-0.02 13.78,-0.02 19.78,-0.12 24.18,2.13 24.03,8.28 23.18,11.93 17.03,12.13 11.68,12.53 5.78,12.08 -0.32,10.53 1.03,8.63
fresh_seed run03 4.03,0.78 10.18,-0.07 16.28,-0.12 21.48,-0.17 24.03,2.18 23.78,8.38 23.18,11.93 17.48,12.13 11.68,12.38 5.93,12.28 -0.32,11.83 0.83,8.43
fresh_seed run04 4.03,0.78 10.13,-0.17 15.48,-0.02 21.28,-0.22 23.98,2.08 23.73,8.18 23.18,11.98 17.38,12.18 12.13,12.43 6.23,12.23 -0.42,11.18 1.03,8.53
fresh_seed run05 3.43,0.18 8.73,-0.02 13.93,0.08 19.98,-0.07 24.43,2.23 0.43,5.88 0.83,11.48 7.18,12.33 11.48,12.98 17.68,12.33 23.63,12.13 23.38,9.98 24.88,6.33
